10,90
10,260
10,222
10,300
10,10
10,288
10,250
10,160
9,4
9,6
8,7
180,6
180,5
180,4
180,3
180,2
180,1
180,0
179,5
179,4
179,3
179,2
179,1
179,0
178,3
178,2
178,1
178,0
20,3
20,2
20,1
19,3
19,2
19,1
18,3
18,1
14,3
14,1
13,3
13,1
12,3
12,2
12,1
11,30
11,29
11,28
11,27
11,26
11,25
11,24
11,23
11,22
11,21
11,20
11,19
11,18
11,17
11,16
11,15
11,14
11,13
11,12
11,11
11,10
11,9
11,8
11,7
11,6
11,5
11,4
11,3
11,2
11,1
10,314
10,313
10,308
10,307
10,305
10,303
10,297
10,294
10,293
10,291
10,290
10,289
10,245
10,189
10,175
10,169
10,155
10,125
10,119
10,113
10,87
10,75
10,11
10,3
10,2
10,1
9,7
9,5
9,3
9,2
9,1
8,15
8,14
8,13
8,11
8,10
8,9
8,8
8,6
8,5
8,4
